   skim_variable n_missing complete_rate       mean         sd      p0   p25    p50     p75    p100 hist 
 1 cp_01                 0             1    0.295       0.136    0.1     0.2    0.3    0.3      1.4 ▇▂▁▁▁
 2 cp_02                 0             1    4.51        5.94     0.2     1.6    2.8    4.9     66.3 ▇▁▁▁▁
 3 cp_03                 0             1   17.9        12.8      2       9.7   14.2   22.8    120.  ▇▂▁▁▁
 4 cp_04                 0             1   15.0         8.93     1.8     8.5   12.9   19.3     54   ▇▆▂▁▁
 5 cp_05                 0             1    5.81       13.3      0       0.4    1.1    4.85   152.  ▇▁▁▁▁
 6 cp_06                 0             1    0.0346      0.0470   0       0      0      0.1      0.1 ▇▁▁▁▅
 7 cp_07                 0             1   26.8        21.3      2      14     22     34      261   ▇▁▁▁▁
 8 cp_08                 0             1   16.6        16.1      3      10     14     19      252   ▇▁▁▁▁
 9 tp_01                 0             1    2.30       21.3      0       0      0      0      287   ▇▁▁▁▁
10 tp_02                 0             1    7.18       23.3      0       0      0      5      210   ▇▁▁▁▁
11 tp_03                 0             1   75.5       224.       0       0      1     37.5   2210   ▇▁▁▁▁
12 tp_04                 0             1   13.4        65.8      0       0      0      1      609   ▇▁▁▁▁
13 tp_05                 0             1    1.75        6.04     0       0      0      0       53   ▇▁▁▁▁
14 tp_06                 0             1   11.8        40.2      0       0      0      1      355   ▇▁▁▁▁
15 tp_07                 0             1  280.        975.       0       0      0     95.5   7882   ▇▁▁▁▁
16 tp_08                 0             1    3.77       11.6      0       0      0      1.5    125   ▇▁▁▁▁
17 tp_09                 0             1  311.       1493.       0       0      5     38    19522   ▇▁▁▁▁
18 tp_10                 0             1    6.13       18.7      0       0      0      3      175   ▇▁▁▁▁
19 tp_11                 0             1    0           0        0       0      0      0        0   ▁▁▇▁▁
20 tp_12                 0             1   61.0       245.       0       0      0      8     3088   ▇▁▁▁▁
21 tp_13                 0             1   43.2       184.       0       0      0      7     2042   ▇▁▁▁▁
22 tp_14                 0             1    4.91       23.4      0       0      0      1      277   ▇▁▁▁▁
23 tp_15                 0             1   51.9       128.       0       0      2     45.5   1256   ▇▁▁▁▁
24 tp_16                 0             1    1.85        5.93     0       0      0      0       51   ▇▁▁▁▁
25 tp_17                 0             1   72.3       199.       0       0      0     22     1367   ▇▁▁▁▁
26 wp_01                 0             1    0.0245      0.372    0       0      0      0        7   ▇▁▁▁▁
27 wp_02                 0             1    0.00272     0.0522   0       0      0      0        1   ▇▁▁▁▁
28 wp_03                 0             1    0.191       0.597    0       0      0      0        5   ▇▁▁▁▁
29 wp_04                 0             1    0.218       0.706    0       0      0      0        7   ▇▁▁▁▁
30 wp_05                 0             1    1.01        2.33     0       0      0      1       19   ▇▁▁▁▁
31 wp_06                 0             1    0.00817     0.0902   0       0      0      0        1   ▇▁▁▁▁
32 wp_07                 0             1    0.537       1.54     0       0      0      0       13   ▇▁▁▁▁
33 wp_08                 0             1    0.0109      0.128    0       0      0      0        2   ▇▁▁▁▁
34 gp                    0             1   10.3        37.0      0       0      0      0      465   ▇▁▁▁▁
35 up                    0             1    1.40        3.53     0       0      0      1       28   ▇▁▁▁▁
36 mld_01                0             1   68.5       199.       0       0      0     55     2577   ▇▁▁▁▁
37 mld_02                0             1 4344.       8196.       0     183   1061   5194.   67818   ▇▁▁▁▁
38 mld_03                0             1  231.        499.     -23.6     0     31    192     3076   ▇▁▁▁▁
39 mld_04                0             1 6189.      12804.       0      32.5  452   4524.   82600   ▇▁▁▁▁
40 mld_05                0             1 2444.       4943.       0       0    242   2441    31035   ▇▁▁▁▁
41 mld_06                0             1   65.7       267.     -38.9     0      0      0     2995   ▇▁▁▁▁
42 mld_07                0             1    4.65       20.1     -0.607   0      0      0      181   ▇▁▁▁▁
43 mld_08                0             1   46.5       115.       0       0      0     51     1230   ▇▁▁▁▁
44 mld_09                0             1    5.34       26.0     -3.19    0      0      0      231   ▇▁▁▁▁
45 mld_10                0             1   12.5        41.7      0       0      0      0      385   ▇▁▁▁▁
46 mld_11                0             1    5.91       25.8      0       0      0      0      246   ▇▁▁▁▁
47 mld_12                0             1    3.71       15.4     -4.33    0      0      0      118   ▇▁▁▁▁
48 mld_13                0             1   34.6        78.4      0       0      0     41.2    839   ▇▁▁▁▁
49 mld_14                0             1   28.6       365.      -8.20    0      0      0     6985   ▇▁▁▁▁
50 mld_15                0             1  125.        291.       0       0     29    128     3568   ▇▁▁▁▁
51 mld_16                0             1   18.8        55.6      0       0      0      2      456   ▇▁▁▁▁
