   skim_variable n_missing complete_rate       mean         sd    p0     p25      p50     p75     p100 hist 
 1 cp_01                 0             1     0.275      0.0964   0.1    0.2      0.3      0.3      0.8 ▇▇▂▁▁
 2 cp_02                 0             1     4.11       5.26     0      1.5      2.35     4.4     41.6 ▇▁▁▁▁
 3 cp_03                 0             1    14.9        9.73     0      8.28    12.7     18.1     59.5 ▇▇▂▁▁
 4 cp_04                 0             1    12.0        6.55     0      7       11.1     15.4     40.3 ▅▇▂▁▁
 5 cp_05                 0             1     5.96      12.6      0      0.4      1.8      6.9    157.  ▇▁▁▁▁
 6 cp_06                 0             1     0.0472     0.0499   0      0        0        0.1      0.1 ▇▁▁▁▇
 7 cp_07                 0             1    29.5       13.3      1     20.8     27       35      119   ▆▇▁▁▁
 8 cp_08                 0             1    16.5       24.4      4     10       14       17      384   ▇▁▁▁▁
 9 tp_01                 0             1     0.125      1.56     0      0        0        0       29   ▇▁▁▁▁
10 tp_02                 0             1     0          0        0      0        0        0        0   ▁▁▇▁▁
11 tp_03                 0             1     0.0217     0.164    0      0        0        0        2   ▇▁▁▁▁
12 tp_04                 0             1     0          0        0      0        0        0        0   ▁▁▇▁▁
13 tp_05                 0             1     0.111      0.865    0      0        0        0       14   ▇▁▁▁▁
14 tp_06                 0             1     0.75       6.35     0      0        0        0      102   ▇▁▁▁▁
15 tp_07                 0             1     1.92      14.8      0      0        0        0      208   ▇▁▁▁▁
16 tp_08                 0             1     0.0625     0.625    0      0        0        0       10   ▇▁▁▁▁
17 tp_09                 0             1     0.603      1.59     0      0        0        1       17   ▇▁▁▁▁
18 tp_10                 0             1     3.57      10.1      0      0        0        3      110   ▇▁▁▁▁
19 tp_11                 0             1     0.666      2.36     0      0        0        0       24   ▇▁▁▁▁
20 tp_12                 0             1     0          0        0      0        0        0        0   ▁▁▇▁▁
21 tp_13                 0             1     0.0652     0.610    0      0        0        0       10   ▇▁▁▁▁
22 tp_14                 0             1     0          0        0      0        0        0        0   ▁▁▇▁▁
23 tp_15                 0             1     3.21      21.8      0      0        0        0      219   ▇▁▁▁▁
24 tp_16                 0             1     0          0        0      0        0        0        0   ▁▁▇▁▁
25 tp_17                 0             1     0          0        0      0        0        0        0   ▁▁▇▁▁
26 wp_01                 0             1    39.4      133.       0      0        0        2     1468   ▇▁▁▁▁
27 wp_02                 0             1     1.59       6.47     0      0        0        0       80   ▇▁▁▁▁
28 wp_03                 0             1    35.3       96.0      0      0.75     3       24     1136   ▇▁▁▁▁
29 wp_04                 0             1     0.976      2.14     0      0        0        1       19   ▇▁▁▁▁
30 wp_05                 0             1     0.908      1.94     0      0        0        1       17   ▇▁▁▁▁
31 wp_06                 0             1     0.728      1.34     0      0        0        1       11   ▇▁▁▁▁
32 wp_07                 0             1     0.285      1.19     0      0        0        0       11   ▇▁▁▁▁
33 wp_08                 0             1    40.5       83.0      0      0        4       37.8    568   ▇▁▁▁▁
34 gp                    0             1    23.8       62.0      0      1        5       16      471   ▇▁▁▁▁
35 up                    0             1     0.541      1.39     0      0        0        0       11   ▇▁▁▁▁
36 mld_01                0             1   100.       291.       0      0        0       55.8   3076   ▇▁▁▁▁
37 mld_02                0             1 18042.     15837.       0   6902.   13108.   24257.  109095   ▇▂▁▁▁
38 mld_03                0             1  1424.      1231.       0    595     1133     1876     8823   ▇▂▁▁▁
39 mld_04                0             1 15262.     15231.       0   4772.    9143    21164.   94779   ▇▂▁▁▁
40 mld_05                0             1 13763.     15369.       0   5136.    9478    18368.  198787   ▇▁▁▁▁
41 mld_06                0             1   498.       716.       0     77      276.     599     6591   ▇▁▁▁▁
42 mld_07                0             1    39.4       66.0      0      0        0       70      439   ▇▁▁▁▁
43 mld_08                0             1   163.       193.       0      0      110      222     1245   ▇▂▁▁▁
44 mld_09                0             1    71.3      131.       0      0        0       85     1250   ▇▁▁▁▁
45 mld_10                0             1    16.2       42.3      0      0        0        0      267   ▇▁▁▁▁
46 mld_11                0             1    15.4       49.3      0      0        0        0      362   ▇▁▁▁▁
47 mld_12                0             1    90.4      150.       0      0        0      110     1318   ▇▁▁▁▁
48 mld_13                0             1    75.1      141.       0      0        0       85     1258   ▇▁▁▁▁
49 mld_14                0             1    64.1       99.3      0      0        0       86.2    659   ▇▁▁▁▁
50 mld_15                0             1   755.       800.       0    231      567      954.    5493   ▇▂▁▁▁
51 mld_16                0             1    96.2      182.       0      0       55      124.    1868   ▇▁▁▁▁
