   skim_variable n_missing complete_rate      mean        sd    p0   p25   p50   p75    p100 hist 
 1 cp_01                 0             1   0.310      0.150    0.1   0.2   0.3   0.3     1.3 ▇▂▁▁▁
 2 cp_02                 0             1  11.5       16.9      0.5   2.9   5.5  12     133.  ▇▁▁▁▁
 3 cp_03                 0             1  28.3       23.6      2.1  13.4  21.1  34.2   167.  ▇▂▁▁▁
 4 cp_04                 0             1  18.6        9.09     1.5  11.5  16.9  24.2    48.3 ▅▇▅▂▁
 5 cp_05                 0             1   3.36       8.13     0     0.3   0.7   2      91.1 ▇▁▁▁▁
 6 cp_06                 0             1   0.00170    0.0111   0     0     0     0       0.1 ▇▁▁▁▁
 7 cp_07                 0             1  18.6       12.2      1    10    16    25     101   ▇▃▁▁▁
 8 cp_08                 0             1  16.4        6.32     4    12    16    20      46   ▅▇▃▁▁
 9 tp_01                 0             1   0          0        0     0     0     0       0   ▁▁▇▁▁
10 tp_02                 0             1   2.74      32.0      0     0     0     0     479   ▇▁▁▁▁
11 tp_03                 0             1   0.00865    0.120    0     0     0     0       2   ▇▁▁▁▁
12 tp_04                 0             1   0.00288    0.0537   0     0     0     0       1   ▇▁▁▁▁
13 tp_05                 0             1   0          0        0     0     0     0       0   ▁▁▇▁▁
14 tp_06                 0             1   0          0        0     0     0     0       0   ▁▁▇▁▁
15 tp_07                 0             1   0          0        0     0     0     0       0   ▁▁▇▁▁
16 tp_08                 0             1   0          0        0     0     0     0       0   ▁▁▇▁▁
17 tp_09                 0             1   6.90      90.7      0     0     0     0    1602   ▇▁▁▁▁
18 tp_10                 0             1   0.0115     0.131    0     0     0     0       2   ▇▁▁▁▁
19 tp_11                 0             1   0          0        0     0     0     0       0   ▁▁▇▁▁
20 tp_12                 0             1   0          0        0     0     0     0       0   ▁▁▇▁▁
21 tp_13                 0             1   0.827     12.1      0     0     0     0     220   ▇▁▁▁▁
22 tp_14                 0             1   0          0        0     0     0     0       0   ▁▁▇▁▁
23 tp_15                 0             1   0          0        0     0     0     0       0   ▁▁▇▁▁
24 tp_16                 0             1   0          0        0     0     0     0       0   ▁▁▇▁▁
25 tp_17                 0             1   0          0        0     0     0     0       0   ▁▁▇▁▁
26 wp_01                 0             1   0          0        0     0     0     0       0   ▁▁▇▁▁
27 wp_02                 0             1   0          0        0     0     0     0       0   ▁▁▇▁▁
28 wp_03                 0             1   0.0202     0.193    0     0     0     0       2   ▇▁▁▁▁
29 wp_04                 0             1   0          0        0     0     0     0       0   ▁▁▇▁▁
30 wp_05                 0             1   0          0        0     0     0     0       0   ▁▁▇▁▁
31 wp_06                 0             1   0          0        0     0     0     0       0   ▁▁▇▁▁
32 wp_07                 0             1   0          0        0     0     0     0       0   ▁▁▇▁▁
33 wp_08                 0             1   0          0        0     0     0     0       0   ▁▁▇▁▁
34 gp                    0             1   0          0        0     0     0     0       0   ▁▁▇▁▁
35 up                    0             1   0.0403     0.414    0     0     0     0       7   ▇▁▁▁▁
36 mld_01                0             1 139.       241.       0     0    56   168.   1585   ▇▁▁▁▁
37 mld_02                0             1 873.      2156.       0    33   260   716   11227.  ▇▁▁▁▁
38 mld_03                0             1  80.6      192.       0     0    19    63.5   958.  ▇▁▁▁▁
39 mld_04                0             1 525.      1962.       0     0    27   116   18929   ▇▁▁▁▁
40 mld_05                0             1 318.      1321.       0     0     0    48    6881.  ▇▁▁▁▁
41 mld_06                0             1  19.2       93.3      0     0     0     0     491.  ▇▁▁▁▁
42 mld_07                0             1   2.33       9.13     0     0     0     0      81   ▇▁▁▁▁
43 mld_08                0             1  21.9       45.3      0     0     0    24     192   ▇▁▁▁▁
44 mld_09                0             1   2.72      13.1      0     0     0     0     154   ▇▁▁▁▁
45 mld_10                0             1   0.420      2.13     0     0     0     0      11.2 ▇▁▁▁▁
46 mld_11                0             1   0.805      4.16     0     0     0     0      55   ▇▁▁▁▁
47 mld_12                0             1   4.79      15.4      0     0     0     0     114   ▇▁▁▁▁
48 mld_13                0             1   2.98      12.4      0     0     0     0     138   ▇▁▁▁▁
49 mld_14                0             1  15.1       36.1      0     0     0     1     201   ▇▁▁▁▁
50 mld_15                0             1 195.       372.       0     2    79   232.   4481   ▇▁▁▁▁
51 mld_16                0             1  14.1       32.4      0     0     0     4     208   ▇▁▁▁▁
